//1
11011000
00000000
00000000
00000000
//2
//11001000
//00000000
//00000000
//01100000
//3
11011100
00000000
00000000
00000000
//4
11100000
00000000
00000000
00000000
//5
11010100
00000000
00000000
00000000
//6
11101100
00000001
00000000
00000000
//7
11101100
00000000
00000000
00000000
//7
11101100
00000011
00000000
00000010
//7
11101100
00000000
00000000
00000010
//7
11101100
00000100
00000000
00000011
//7
11101100
00000000
00000000
00000011
//8
11101100
00000011
00000000
00000001
//9
11101100
00000000
00000000
00000001
//10
11101100
00000011
00000000
00001000
//11
11101100
10000000
00000000
00001011
//12
11010000
00000000
00000000
00000000
//13
11010100
00000000
00000000
00000000
//14
11100100
00000000
00000000
00000000

00000000
00000000
00000000
00000000

00000000
00000000
00000000
00000000

00000000
00000000
00000000
00000000

00000000
00000000
00000000
00000000

00000000
00000000
00000000
00000000

00000000
00000000
00000000
00000000

00000000
00000000
00000000
00000000

00000000
00000000
00000000
00000000

00000000
00000000
00000000
00000000

00000000
00000000
00000000
00000000

00000000
00000000
00000000
00000000

00000000
00000000
00000000
00000000

00000000
00000000
00000000
00000000

00000000
00000000
00000000
00000000
00000000
00000000
00000000
00000000

00000000
00000000
00000000
00000000

00000000
00000000
00000000
00000000

00000000
00000000
00000000
00000000

00000000
00000000
00000000
00000000

00000000
00000000
00000000
00000000

00000000
00000000
00000000
00000000

00000000
00000000
00000000
00000000

00000000
00000000
00000000
00000000

00000000
00000000
00000000
00000000

00000000
00000000
00000000
00000000

00000000
00000000
00000000
00000000

00000000
00000000
00000000
00000000

00000000
00000000
00000000
00000000

00000000
00000000
00000000
00000000

00000000
00000000
00000000
00000000

00000000
00000000
00000000
00000000

00000000
00000000
00000000
00000000

00000000
00000000
00000000
00000000

00000000
00000000
00000000
00000000

00000000
00000000
00000000
00000000

00000000
00000000
00000000
00000000

00000000
00000000
00000000
00000000

00000000
00000000
00000000
00000000

00000000
00000000
00000000
00000000

00000000
00000000
00000000
00000000

00000000
00000000
00000000
00000000

00000000
00000000
00000000
00000000

00000000
00000000
00000000
00000000

00000000
00000000
00000000
00000000

00000000
00000000
00000000
00000000

00000000
00000000
00000000
00000000

00000000
00000000
00000000
00000000

00000000
00000000
00000000
00000000

00000000
00000000
00000000
00000000

00000000
00000000
00000000
00000000

00000000
00000000
00000000
00000000

00000000
00000000
00000000
00000000

00000000
00000000
00000000
00000000

00000000
00000000
00000000
00000000

00000000
00000000
00000000
00000000

00000000
00000000
00000000
00000000

00000000
00000000
00000000
00000000

00000000
00000000
00000000
00000000

00000000
00000000
00000000
00000000

00000000
00000000
00000000
00000000

00000000
00000000
00000000
00000000

00000000
00000000
00000000
00000000

00000000
00000000
00000000
00000000

00000000
00000000
00000000
00000000

00000000
00000000
00000000
00000000

00000000
00000000
00000000
00000000

00000000
00000000
00000000
00000000

00000000
00000000
00000000
00000000

00000000
00000000
00000000
00000000

00000000
00000000
00000000
00000000

00000000
00000000
00000000
00000000

00000000
00000000
00000000
00000000

00000000
00000000
00000000
00000000

00000000
00000000
00000000
00000000

00000000
00000000
00000000
00000000

00000000
00000000
00000000
00000000

00000000
00000000
00000000
00000000

00000000
00000000
00000000
00000000


00000000
00000000
00000000
00000000

00000000
00000000
00000000
00000000

00000000
00000000
00000000
00000000

00000000
00000000
00000000
00000000

00000000
00000000
00000000
00000000

00000000
00000000
00000000
00000000

00000000
00000000
00000000
00000000

00000000
00000000
00000000
00000000

00000000
00000000
00000000
00000000

00000000
00000000
00000000
00000000

00000000
00000000
00000000
00000000

00000000
00000000
00000000
00000000

00000000
00000000
00000000
00000000

00000000
00000000
00000000
00000000

00000000
00000000
00000000
00000000

00000000
00000000
00000000
00000000

00000000
00000000
00000000
00000000

00000000
00000000
00000000
00000000

00000000
00000000
00000000
00000000

00000000
00000000
00000000
00000000

00000000
00000000
00000000
00000000

00000000
00000000
00000000
00000000

00000000
00000000
00000000
00000000

00000000
00000000
00000000
00000000

00000000
00000000
00000000
00000000

00000000
00000000
00000000
00000000

00000000
00000000
00000000
00000000

00000000
00000000
00000000
00000000


00000000
00000000
00000000
00000000

00000000
00000000
00000000
00000000

00000000
00000000
00000000
00000000

00000000
00000000
00000000
00000000

00000000
00000000
00000000
00000000

00000000
00000000
00000000
00000000

00000000
00000000
00000000
00000000

00000000
00000000
00000000
00000000


00000000
00000000
00000000
00000000

00000000
00000000
00000000
00000000

00000000
00000000
00000000
00000000

00000000
00000000
00000000
00000000
00000000
00000000
00000000
00000000

00000000
00000000
00000000
00000000

00000000
00000000
00000000
00000000

00000000
00000000
00000000
00000000

00000000
00000000
00000000
00000000

00000000
00000000
00000000
00000000

00000000
00000000
00000000
00000000

00000000
00000000
00000000
00000000

00000000
00000000
00000000
00000000

00000000
00000000
00000000
00000000

00000000
00000000
00000000
00000000

00000000
00000000
00000000
00000000

00000000
00000000
00000000
00000000

00000000
00000000
00000000
00000000

00000000
00000000
00000000
00000000

00000000
00000000
00000000
00000000

00000000
00000000
00000000
00000000

00000000
00000000
00000000
00000000

00000000
00000000
00000000
00000000

00000000
00000000
00000000
00000000


00000000
00000000
00000000
00000000

00000000
00000000
00000000
00000000

00000000
00000000
00000000
00000000

00000000
00000000
00000000
00000000

00000000
00000000
00000000
00000000

00000000
00000000
00000000
00000000

00000000
00000000
00000000
00000000

00000000
00000000
00000000
00000000


00000000
00000000
00000000
00000000

00000000
00000000
00000000
00000000

00000000
00000000
00000000
00000000

00000000
00000000
00000000
00000000


00000000
00000000
00000000
00000000

00000000
00000000
00000000
00000000

00000000
00000000
00000000
00000000

00000000
00000000
00000000
00000000

00000000
00000000
00000000
00000000

00000000
00000000
00000000
00000000

00000000
00000000
00000000
00000000

00000000
00000000
00000000
00000000

00000000
00000000
00000000
00000000

00000000
00000000
00000000
00000000

00000000
00000000
00000000
00000000

00000000
00000000
00000000
00000000

00000000
00000000
00000000
00000000

00000000
00000000
00000000
00000000

00000000
00000000
00000000
00000000

00000000
00000000
00000000
00000000

00000000
00000000
00000000
00000000

00000000
00000000
00000000
00000000

00000000
00000000
00000000
00000000

00000000
00000000
00000000
00000000

00000000
00000000
00000000
00000000

00000000
00000000
00000000
00000000

00000000
00000000
00000000
00000000

00000000
00000000
00000000
00000000

00000000
00000000
00000000
00000000

00000000
00000000
00000000
00000000

00000000
00000000
00000000
00000000
11111111
11111111
11111111
11111111
